0.01442891732
0.01412594970
0.01383614913
0.01400957070
0.01394123491
0.01407907624
0.01434854046
0.01383814961
0.01371898036
0.01420607790
0.01385652740
0.01434750017
0.01415374316
0.01414524391
0.01428712066
0.01387827471
0.01369510312
0.01376806386
0.01405207440
0.01402515639
0.01394715346
0.01387477666
0.01414070185
0.01436829008
0.01421099529
0.01405761484
0.01403023954
0.01390886214
0.01379394066
0.01411436778
0.01441129297
0.01389856823
0.01380869094
0.01394919399
0.01408699062
0.01395627856
0.01406819839
0.01382860914
0.01403936371
0.01375098061
0.01417836919
0.01393302809
0.01390486117
0.01383756474
0.01389898639
0.01395273674
0.01378077175
0.01384610869
0.01412399299
0.01449287869
0.01417437010
0.01383073442
0.01410940941
0.01395948790
0.01407865807
0.01415911783
0.01405111514
0.01381831616
0.01375981327
0.01387569308
0.01395640429
0.01387298480
0.01388064958
0.01387756877
0.01370285358
0.01413628366
0.01393861137
0.01393252797
0.01387573499
0.01425974537
0.01429399755
0.01467080135
0.01419882756
0.01419557724
0.01425324660
0.01413924433
0.01415920164
0.01424041297
0.01408032514
0.01414703298
0.01434300002
0.01422399562
0.01459534094
0.01422453672
0.01462004986
0.01473438554
0.01432549860
0.01426407974
0.01413936820
0.01428508107
0.01443962846
0.01422649529
0.01420466229
0.01419203635
0.01389873680
0.01422999613
0.01420957781
0.01418086886
0.01448146161
0.01422299445
0.01425528806
0.01414145064
0.01411611866
0.01433908194
0.01448187884
0.01415591035
0.01419453509
0.01413924526
0.01433354244
0.01444612723
0.01442333497
0.01480118092
0.01432629116
0.01381385699
0.01423699595
0.01442637574
0.01429603901
0.01454804931
0.01421320345
0.01418928616
0.01446295995
0.01467913482
0.01421057992
0.01414140873
0.01407474093
0.01457079686
0.01386552583
0.01434600074
0.01413740963
0.01415557601
0.01410086732
0.01419753581
0.01420695335
0.01442704536
0.01383773237
0.01410940755
0.01411640830
0.01405515708
0.01403986383
0.01407970022
0.01438487601
0.01414995082
0.01405457500
0.01402057242
0.01412970014
0.01392998733
0.01403711457
0.01424770430
0.01411695220
0.01393319480
0.01424203906
0.01454013027
0.01433150005
0.01414865907
0.01416761894
0.01417391282
0.01408986561
0.01406478323
0.01430920605
0.01439162623
0.01460604928
0.01438754331
0.07112722844
0.04387523234
0.01657811366
0.01419353671
0.01717650518
0.01425962243
0.05297252536
0.02299569175
0.03770141304
0.01507748011
0.01503581274
0.01573633403
0.02051844634
0.01864759438
0.02235104516
0.04040633142
0.01412474271
0.01420136914
0.01475476101
0.02026952244
0.01931869984
0.02135564014
0.16074837744
0.01444071159
0.05484604463
0.02578382380
0.01434112526
0.01424387097
0.01436987519
0.01465725899
0.01493751723
0.01414086763
0.01436483301
0.01512394287
0.01444854494
0.01420845371
0.01407199074
0.01418845356
0.01394531876
0.01476605423
0.01405515708
0.01386577636
0.07891031355
0.03895478323
0.01703425124
0.01435883157
0.05316186324
0.02319090627
0.03752944618
0.01500939671
0.01488843188
0.02158706449
0.02087054029
0.02258343063
0.04009248689
0.01425862219
0.01449483912
0.02093795873
0.02055094764
0.02145710029
0.16029499471
0.01422220469
0.05465970188
0.02599420398
0.01435587462
0.01425349712
0.01427412126
0.01470109541
0.01428495720
0.01407869812
0.01439550146
0.01420649420
0.01489464287
0.01511085778
0.01456513163
0.01432412304
0.01391473599
0.01418170333
0.01442537829
0.01380598359
0.07872992754
0.03884094581
0.01717163250
0.01458917372
0.05301585793
0.02307032049
0.03758753464
0.01483697444
0.01482276618
0.02067436837
0.02173765190
0.02262322046
0.04026703537
0.01409065723
0.01427845657
0.02089950070
0.02073532715
0.02121438645
0.16090168059
0.01435304154
0.05481274799
0.02594811842
0.01399819646
0.01405653078
0.01408565789
0.01478047296
0.01403582375
0.01384860836
0.01426624693
0.01440858562
0.01449067146
0.01416445337
0.01450842060
0.01492201816
0.01443137787
0.01407653186
0.01488443278
0.07996234298
0.03903191164
0.01727642678
0.01463838480
0.05324770138
0.02300423384
0.03756353259
0.01509548165
0.01473201346
0.02074157819
0.02145210281
0.02289456502
0.04020107538
0.01404919941
0.01457438245
0.02165998332
0.01925569959
0.02132047154
0.16009265184
0.01430791430
0.05495350435
0.02600933053
0.01436991896
0.01428974792
0.01433787495
0.01459596585
0.01411028393
0.01413403638
0.01443650201
0.01458463073
0.01412920188
0.01427674666
0.01488105860
0.01415916067
0.01432862319
0.01487001497
0.07986300439
0.03886361420
0.01693024859
0.01454258896
0.05317252874
0.02299444377
0.03784808144
0.01513469126
0.01458771527
0.02152806148
0.02064995281
0.02277610265
0.04039945826
0.01438787580
0.01469646860
0.02028310485
0.02026214451
0.02134326473
0.15954163671
0.01440387592
0.05471841246
0.02569373511
0.01414253376
0.01445412822
0.01395198703
0.01437825058
0.01478030626
0.01393861230
0.01415766031
0.01460504904
0.01418620255
0.01413157582
0.01499101985
0.01400648803
0.01441425271
0.01433708332
0.08048602939
0.03909857944
0.01732867770
0.01465488411
0.05323319882
0.02291789837
0.03757640719
0.01494968589
0.01480213832
0.02165677398
0.02090233564
0.02269705757
0.04026045278
0.01399778016
0.01420507859
0.02087416500
0.02036339976
0.02155214548
0.15981905162
0.01433866471
0.05490462482
0.02569240332
0.01420753822
0.01381277386
0.01412590872
0.01458013058
0.01501597930
0.01423562039
0.01452546380
0.01414682809
0.01401515491
0.01452279557
0.01501564495
0.01409999188
0.01425745524
0.01445875410
0.07963804156
0.03933250532
0.01719579846
0.01445862744
0.05309111252
0.02313794754
0.03760870174
0.01501777116
0.01473522000
0.02157827094
0.02095737867
0.02251617610
0.04023311660
0.01427033078
0.01464759186
0.02016256005
0.02054457180
0.02124721929
0.16076280177
0.01447554491
0.05467445403
0.02564285882
0.01392294560
0.01419174392
0.01435108203
0.01487205923
0.01415153407
0.01417999435
0.01428974792
0.01408328302
0.01446783729
0.01403982285
0.01390594523
0.01464425959
0.01413599309
0.01454400644
0.01456967276
0.01385152526
0.07918227464
0.03882090747
0.01747389138
0.01415961981
0.05290597677
0.02302352525
0.03775241226
0.01520911045
0.01499777008
0.01578550413
0.02067603543
0.01876768284
0.02244671434
0.04011273757
0.01411936712
0.01432004012
0.02076016180
0.02043157071
0.02164148167
0.16042912006
0.01456096396
0.05480041355
0.02567223646
0.01409465913
0.01424903795
0.01443283446
0.01437550131
0.01421007887
0.01425470412
0.01433478855
0.01433116570
0.01459246594
0.01422933117
0.01405494846
0.01459104754
0.01405969914
0.01451808959
0.01425270457
0.07969953865
0.03877573833
0.01700679213
0.01458800677
0.05283685029
0.02279697731
0.03794721141
0.01477255393
0.01485659927
0.02189465612
0.02064420097
0.02267464064
0.04061733559
0.01422336977
0.01474009641
0.02042336017
0.02041873336
0.02145951800
0.15976423025
0.01447041985
0.05464195460
0.02602558024
0.01426182967
0.01449525263
0.01422337070
0.01545503456
0.01445658691
0.01417757664
0.01431208011
0.01433904096
0.01411611680
0.01447871234
0.01493864413
0.01438033395
0.01450804714
0.01450292207
0.01390056871
0.07902397960
0.03871819377
0.01727134362
0.01448792033
0.05339911953
0.02284514531
0.03768141195
0.01502431184
0.01453192160
0.02047765255
0.02167065069
0.02262863889
0.04030412063
0.01411907468
0.01420499384
0.02073674463
0.02055590600
0.02151593752
0.15893782675
0.01416828576
0.05472137034
0.02558206581
0.01422770321
0.01456946507
0.01449258812
0.01493389346
0.01412174106
0.01441325154
0.01431553997
0.01451421436
0.01415120438
0.01420336962
0.01548874471
0.01389031857
0.01441266760
0.01434379164
0.01356043294
0.07892289758
0.03878173977
0.01713417284
0.01438895892
0.05307748541
0.02329728752
0.03760870174
0.01479088981
0.01479092892
0.02146072686
0.02060119994
0.02260518074
0.04046258330
0.01386564970
0.01445966959
0.02094258554
0.02054253034
0.02130897157
0.16043823957
0.01429341361
0.05464882776
0.02578307129
0.01428578887
0.01431083120
0.01427808125
0.01509356499
0.01422386989
0.01418728568
0.01439629216
0.01426566299
0.01412115991
0.01412774157
0.01459046733
0.01424337085
0.01444171183
0.01431462355
0.02954882011
0.08190128207
0.02035306767
0.01698612608
0.01447662804
0.05312311277
0.02306098677
0.03740986064
0.01537953224
0.01462475676
0.02154485323
0.02065132372
0.02264018171
0.04017544910
0.01390956808
0.01433003973
0.02126834542
0.02053882182
0.02155831456
0.15998777747
0.01430812292
0.05460016057
0.02571757138
0.01389623620
0.01433375105
0.01427128911
0.01469230279
0.01387885865
0.01444008667
0.01451304555
0.01403936464
0.01413678378
0.01425799541
0.01494789403
0.01433162484
0.01424582954
0.01404832304
0.08037915081
0.03876681998
0.01712713018
0.01441325061
0.05313102901
0.02308286354
0.03763274476
0.01504672971
0.01470217761
0.01418490894
0.02056769840
0.02080849558
0.02264743112
0.04044558480
0.01446650270
0.01423678827
0.02073857933
0.02041502669
0.02147689462
0.16037502885
0.01457467303
0.05493662879
0.02591228671
0.01428437233
0.01463921554
0.01420053840
0.01532169711
0.01446879376
0.01421978790
0.01410169993
0.01426437218
0.01430895831
0.01415836811
0.01418157760
0.01517923363
0.01418228634
0.01433070656
0.01418803632
0.01384215057
0.07912981510
0.03894641250
0.01696808450
0.01453838218
0.05308844522
0.02314615436
0.03763682395
0.01495272666
0.01461654995
0.02164181508
0.02073061839
0.02261363715
0.04008690640
0.01391198579
0.01444341987
0.02038456686
0.02081620507
0.02133476362
0.16071133316
0.01421507727
0.05485295877
0.02564314939
0.01416486874
0.01408024039
0.01417712029
0.01475376170
0.01416978613
0.01420478709
0.01437212527
0.01410049200
0.01408595033
0.01438016817
0.01458617393
0.01383569185
0.01449329685
0.01422432810
0.01366527006
0.07930324227
0.03877444565
0.01705129258
0.01479293127
0.05325686559
0.02305636182
0.03763503581
0.01497827098
0.01461221557
0.02150031179
0.02084803954
0.02260067873
0.04069446772
0.01403799094
0.01397556998
0.02098500356
0.02031789906
0.02127367817
0.15883119404
0.01432091463
0.05473866314
0.02564848587
0.01428491436
0.01401819754
0.01417720225
0.01492810063
0.01427916344
0.01402165461
0.01396873780
0.01421474572
0.01443929505
0.01453313138
0.01417411957
0.01511381567
0.01398202963
0.01376914699
0.01447504573
0.01376648154
0.07905414701
0.03891103342
0.01716479659
0.01443983708
0.05319882557
0.02304790169
0.03774345666
0.01505431440
0.01486680657
0.02147264592
0.02063740976
0.02286472917
0.04018419981
0.01432766393
0.01482176501
0.02039090171
0.02051728033
0.02154956199
0.16052007675
0.01442037616
0.05491033569
0.02569498494
0.01430454012
0.01398394536
0.01418170333
0.01474684570
0.01470763702
0.01417611726
0.01412320230
0.01451858785
0.01485680696
0.01399973873
0.01414624322
0.01486001443
0.01422199607
0.01474988833
0.01462634094
0.08025126904
0.03882919624
0.01749914140
0.01438450068
0.05321990699
0.02324490994
0.03767774254
0.01503456384
0.01477876306
0.02182332054
0.02088687383
0.02272226661
0.04040737078
0.01418682653
0.01448283810
0.02053965442
0.02086637355
0.02111108974
0.15888094902
0.01445912942
0.05456828326
0.02617454156
0.01419191156
0.01429366414
0.01432224922
0.01461900771
0.01438112557
0.01406828128
0.01490685064
0.01465392672
0.01429428998
0.01442041900
0.01420461945
0.01411674265
0.01427949686
0.01464504935
0.08001413941
0.03883607313
0.01708175242
0.01440242026
0.05305502564
0.02289518714
0.03759357333
0.01518069301
0.01462942641
0.02095900290
0.02138505876
0.02281897888
0.04013086110
0.01391048636
0.01428882964
0.02073299326
0.02054640651
0.02134363912
0.15955346823
0.01426003780
0.05457670242
0.02565607056
0.01413020212
0.01476280577
0.01422812045
0.01472571958
0.01419361960
0.01400632225
0.01445596013
0.01413119957
0.01450504828
0.01429374702
0.01415986754
0.01428766456
0.01415532641
0.01459455024
0.01401807088
0.01376089826
0.07885030657
0.03883428127
0.01697020791
0.01441566925
0.05310557038
0.02324286662
0.03774874657
0.01493972819
0.01466592774
0.02160506323
0.02089837566
0.02275530808
0.04025653377
0.01421299484
0.01428299677
0.02081882954
0.02018327080
0.02138101682
0.15935871005
0.01430045813
0.05453715846
0.02605833299
0.01419011969
0.01469805278
0.01435633283
0.01475355495
0.01399386302
0.01390394289
0.01435412467
0.01429683156
0.01443141978
0.01459038444
0.01436466724
0.01518102456
0.01424816437
0.01427878905
0.01426012162
0.01384065021
0.07927352935
0.03884227946
0.01719921641
0.01439037547
0.05317177996
0.02322349139
0.03772403672
0.01479368005
0.01460084133
0.01362789329
0.02041227743
0.02092520893
0.02255859412
0.04017732292
0.01410986669
0.01423461922
0.02076253667
0.02061724104
0.02165248245
0.16042408347
0.01414778456
0.05489691719
0.02578690462
0.01422991324
0.01439199969
0.01422553882
0.01523348503
0.01439945865
0.01444433816
0.01439516898
0.01422412042
0.01447441988
0.01454088092
0.01435887534
0.01445071120
0.01409928314
0.01431641635
0.01452004723
0.01378835738
0.07937870175
0.03901445493
0.01695391536
0.01440166868
0.05330016091
0.02303160913
0.03754648939
0.01496889535
0.01462125778
0.01363647729
0.02067336626
0.02075907961
0.02271430753
0.04030916095
0.01407940779
0.01398840453
0.02089949884
0.02084370516
0.02100362815
0.15932700038
0.01423028857
0.05436523631
0.02584540844
0.01407007501
0.01425561961
0.01430712361
0.01475851238
0.01411578339
0.01445937809
0.01415074244
0.01435804181
0.01433054078
0.01385952625
0.01407957356
0.01426841319
0.01411845163
0.01413532626
0.01471901126
0.08046469092
0.03911457956
0.01704308577
0.01432887465
0.05302423611
0.02305615321
0.03757686913
0.01489276718
0.01473280415
0.01375310495
0.02073774487
0.02075320296
0.02274431102
0.04032253847
0.01392127667
0.01428653859
0.02071724460
0.02052003145
0.02153439447
0.15995015204
0.01415736787
0.05473924801
0.02567952871
0.01412045211
0.01407895144
0.01431162283
0.01521569397
0.01443779469
0.01394748688
0.01426916383
0.01435387507
0.01435070671
0.01406877954
0.01430954039
0.01451933756
0.01396944746
0.01481305622
0.01440004259
0.01370660495
0.07917990535
0.03871782124
0.01712200418
0.01428391319
0.05320594832
0.02308469452
0.03742640093
0.01508769020
0.01469655428
0.02068282664
0.02153118886
0.02269239165
0.04014215618
0.01406232361
0.01400482189
0.02094000019
0.02041335963
0.02148055844
0.16217687726
0.05555164814
0.02674110234
0.01457025763
0.01482584886
0.01470551081
0.01508119144
0.01427362394
0.01395707112
0.01421799418
0.01402782183
0.01436770894
0.01413074322
0.01412365958
0.01443250198
0.01383869257
0.01445779484
0.01452933904
0.01361680869
0.07939895242
0.03883340582
0.01715525612
0.01449675485
0.05308194458
0.02307169326
0.03739885986
0.01511606574
0.01465580240
0.02188298851
0.02076403610
0.02277514338
0.04034774378
0.01398777962
0.01445754524
0.02033906616
0.02072345465
0.02141343243
0.16091972589
0.05544976890
0.02670330927
0.01404836401
0.01419299562
0.01407144871
0.01474571973
0.01415445004
0.01409995183
0.01471538562
0.01433562394
0.01394965500
0.01422399469
0.01486034878
0.01368489489
0.01413020212
0.01440033410
0.07142240554
0.04383102432
0.01652631909
0.01726800948
0.01453983877
0.05304244161
0.02309336141
0.03781666607
0.01483738888
0.01484513935
0.02079674788
0.02158218808
0.02272068337
0.04036924616
0.01409899164
0.01427691430
0.02081395313
0.02058419958
0.02127030306
0.16020207107
0.01442462765
0.05461336672
0.02570031956
0.01409853436
0.01413015928
0.01421112008
0.01493139379
0.01441154256
0.01411849074
0.01453267317
0.01407761592
0.01412570104
0.01402548980
0.01438308321
0.01429103967
0.01519581769
0.01454467326
0.01403440721
0.07926282287
0.03875236213
0.01715933718
0.01442891825
0.05295423046
0.02307261154
0.03769870102
0.01491035055
0.01458700746
0.01579883695
0.02054552920
0.01861542650
0.02223245986
0.04025561735
0.01438466832
0.01450783666
0.02033939958
0.02078220621
0.02156035416
0.16078655422
0.01428995468
0.05486833677
0.02578136511
0.01391861215
0.01389427762
0.01408978365
0.01452029590
0.01384461019
0.01390369516
0.01433466654
0.01426491328
0.01423720457
0.01389944181
0.01412869990
0.01537753362
0.01414886862
0.01460729912
0.01420482807
0.02962748706
0.08163506538
0.02025268786
0.01726755127
0.01418136992
0.05324840918
0.02292673290
0.03763044998
0.01500189491
0.01472117845
0.01389511023
0.02041556872
0.02081233077
0.02278393507
0.04020328075
0.01408490818
0.01475592796
0.02052794769
0.02035031654
0.02147393487
0.15970055759
0.01431241538
0.05449044704
0.02578165568
0.01423432771
0.01399998832
0.01396227721
0.01470271964
0.01407994796
0.01401652861
0.01418566145
0.01417145319
0.01433345675
0.01441250276
0.01416207757
0.01494426932
0.01390002575
0.01444537658
0.01431058161
0.01392106898
0.07895439863
0.03894428536
0.01725630090
0.01465946902
0.05305957049
0.02300873213
0.03756374121
0.01505693886
0.01481018122
0.02088808268
0.02183890529
0.02261818014
0.04008840397
0.01421245281
0.01434237510
0.02043610997
0.02056386508
0.02157056332
0.16003510356
0.01422462054
0.05478062481
0.02557610720
0.01403432339
0.01451417245
0.01433837414
0.01495672669
0.01394969597
0.01414336637
0.01419224404
0.01456854772
0.01402136497
0.01429103967
0.01454984024
0.01404036488
0.01429749932
0.01447633840
0.07993609458
0.03891378269
0.01695762388
0.01438708417
0.05303940177
0.02314386331
0.03767774254
0.01487989165
0.01491605863
0.01605280489
0.02068365924
0.01877422445
0.02255888656
0.04049433395
0.01410649158
0.01456604805
0.02033156715
0.02051811479
0.02155260555
0.15958596766
0.01431116462
0.05440440401
0.02575815655
0.01397278067
0.01416878588
0.01400798745
0.01454417314
0.01436037384
0.01462196559
0.01399852894
0.01424762234
0.01412532572
0.01417786907
0.01494614314
0.01412657555
0.01453792118
0.01425908040
0.01391069498
0.07897764444
0.03909979016
0.01722805202
0.01432878990
0.05320869759
0.02310915478
0.03762482479
0.01506068930
0.01466755103
0.01377823204
0.02082862332
0.02066765912
0.02260434628
0.04031024501
0.01418203581
0.01431545615
0.02066386864
0.02051673643
0.02141451649
0.16115026176
0.01441725157
0.05476774648
0.02591932751
0.01420649514
0.01430924702
0.01454350725
0.01527461223
0.01443658676
0.01403015573
0.01486313995
0.01422220375
0.01435616706
0.01432149857
0.01413645223
0.01430183183
0.01408082526
0.01480013784
0.01432528999
0.01372735482
0.07893005759
0.03882790729
0.01718721539
0.01446442027
0.05312848836
0.02311219461
0.03742969409
0.01507539768
0.01471146941
0.02070953511
0.02163156494
0.02293769084
0.04026237130
0.01405174099
0.01411061641
0.02073007822
0.02071791142
0.02153510228
0.16018223763
0.01438045967
0.05456182361
0.02584057488
0.01406482421
0.01407603268
0.01432249881
0.01548503712
0.01404811721
0.01388473436
0.01421153825
0.01457425673
0.01481755730
0.01492280886
0.01448800415
0.01422082912
0.01401311345
0.01449662913
0.08016589284
0.03880736604
0.01703925245
0.01425157860
0.05342261866
0.02326711826
0.03781362250
0.01486197300
0.01468680333
0.02172802575
0.02059098892
0.02289864607
0.04001423717
0.01421378646
0.01395173743
0.02086866647
0.02059894986
0.02155806124
0.15945059061
0.01439570915
0.05469641462
0.02573465556
0.01399048697
0.01491160039
0.01419295277
0.01470180321
0.01425974816
0.01405344810
0.01416420098
0.01430445537
0.01445579529
0.01405657362
0.01415549312
0.01476917975
0.01444908604
0.01513223443
0.01427587215
0.01382489968
0.07900660485
0.03882194683
0.01707475260
0.01449633669
0.05311298743
0.02321057394
0.03746215627
0.01514665037
0.01461354923
0.01600888558
0.02077732980
0.01882755756
0.02243550681
0.04041274637
0.01393694337
0.01451638062
0.02057907358
0.02068932541
0.02141176537
0.16085042059
0.01421324629
0.05495491996
0.02556598186
0.01402874012
0.01434749924
0.01414003503
0.01546874270
0.01445029397
0.01445529424
0.01392936241
0.01449550595
0.01461867429
0.01447841991
0.01452346426
0.01430758089
0.01439079270
0.01565145887
0.01424820535
0.07135523856
0.04406774044
0.01642269082
0.01713908836
0.01448858716
0.05328020081
0.02308936231
0.03795221075
0.01491010189
0.01441308577
0.02184669860
0.02084599808
0.02286393754
0.04009848833
0.01424803771
0.01492589433
0.02027506381
0.02049711160
0.02159572951
0.16083443165
0.01429245621
0.05452869833
0.02583628334
0.01399178058
0.01426024642
0.01448946260
0.01495451946
0.01432712469
0.01429316495
0.01488543395
0.01443179511
0.01408465765
0.01451033913
0.01467200927
0.01394165307
0.01441454329
0.01468721870
0.08009659499
0.03868690133
0.01709633693
0.01468409505
0.05306719244
0.02295469120
0.03735973313
0.01511343941
0.01469563600
0.02181294560
0.02065324225
0.02257580310
0.04027362168
0.01391931996
0.01430587284
0.02089233324
0.02052432112
0.02139793336
0.16040040553
0.01458892412
0.05452040583
0.02585765906
0.01447887998
0.01454904582
0.01417120267
0.01481855474
0.01419832930
0.01428904105
0.01422912255
0.01405365672
0.01450113021
0.01424862072
0.01421978604
0.01427170634
0.01389648486
0.01419420261
0.01442271005
0.07123035938
0.04428545386
0.01658057049
0.01727509312
0.01436937507
0.05316365510
0.02303944342
0.03751186281
0.01495389268
0.01467476040
0.02093970962
0.02165960707
0.02285935357
0.04040753841
0.01383869164
0.01401061472
0.02097041719
0.02070486918
0.02167623118
0.16007444263
0.01422566269
0.05481408164
0.02573861368
0.01430108119
0.01411782391
0.01415595226
0.01468405314
0.01398061309
0.01467984356
0.01413915865
0.01432099938
0.01432837360
0.01422507875
0.01468588412
0.01421103720
0.01420595311
0.01455892436
0.08002872020
0.03859585524
0.01714142226
0.01455179788
0.05311611295
0.02314273827
0.03756607324
0.01512352377
0.01465113368
0.02165560797
0.02074207924
0.02269997448
0.04038270563
0.01383890025
0.01442558598
0.02102579549
0.02059461549
0.02136189118
0.16060937941
0.01421820279
0.05458028615
0.02589732781
0.01430595666
0.01470234524
0.01430162322
0.01502864715
0.01437908411
0.01457167324
0.01430949755
0.01417891216
0.01428195741
0.01474488620
0.01398990676
0.01440616790
0.01433549915
0.01364685316
0.07933428138
0.03875123709
0.01748797484
0.01427099667
0.05329170078
0.02309665270
0.03748682141
0.01514681801
0.01485389005
0.02178457193
0.02069524303
0.02274235152
0.04009323940
0.01399169769
0.01420174446
0.02072049677
0.02052111365
0.02146122791
0.16122736037
0.01416520216
0.05484191701
0.02568290383
0.01405332424
0.01413840894
0.01441141870
0.01529919636
0.01430729125
0.01416595373
0.01429824904
0.01426274702
0.01427133102
0.01410440914
0.01482484769
0.01431858167
0.01418803539
0.01429583132
0.08014310151
0.03886957467
0.01713171415
0.01433691476
0.05361083522
0.02246717550
0.03767357767
0.01500147954
0.01479193009
0.02153147943
0.02076024562
0.02300927602
0.04023928568
0.01391244400
0.01428424660
0.02099846117
0.02052073739
0.02102387883
0.16077880561
0.01456534024
0.05465149507
0.02569052763
0.01398369670
0.01400411315
0.01421358064
0.01502514631
0.01480280608
0.01444679499
0.01482068282
0.01409803517
0.01407303102
0.01422862057
0.01493889187
0.01417036913
0.01413195208
0.01448417082
0.07981637865
0.03881957009
0.01708575338
0.01428920589
0.05304102600
0.02293239906
0.03779170662
0.01520569343
0.01450171322
0.01368485298
0.02048277855
0.02061570063
0.02259255573
0.04004723579
0.01439162623
0.01414820179
0.02098112740
0.02042961121
0.02165094018
0.16122102737
0.01434620842
0.05483816564
0.02561044320
0.01471121889
0.01410219911
0.01431737188
0.01491455920
0.01418182719
0.01422591321
0.01431362610
0.01404086500
0.01491376758
0.01605255529
0.01422470436
0.01455563027
0.01458913274
0.08014922589
0.03873398528
0.01697983220
0.01449117064
0.05291756243
0.02307065204
0.03770132735
0.01501727197
0.01488760021
0.02147381008
0.02065574192
0.02267647348
0.04040191323
0.01435312629
0.01462367643
0.02104287967
0.02044656686
0.02135176584
0.16037490964
0.01441645995
0.05434402451
0.02573828027
0.01426653937
0.01467617601
0.01413082704
0.01494172681
0.01458259020
0.01405982301
0.01429987419
0.01441450231
0.01448867097
0.01385952532
0.01414820272
0.01600405201
0.01424495503
0.01441362593
0.01427566446
0.01378864981
0.07934945077
0.03875977919
0.01719425619
0.01455163024
0.05345774814
0.02298677526
0.03782078996
0.01514969394
0.01470855344
0.02171611041
0.02083574608
0.02245896496
0.04004098475
0.01394473575
0.01407640800
0.02105767094
0.02080358192
0.02129092813
0.16044048965
0.01438645925
0.05469891056
0.02602012269
0.01420345344
0.01444233581
0.01425983012
0.01491301879
0.01421007793
0.01422336977
0.01455404796
0.01437908504
0.01428116392
0.01431249827
0.01444950234
0.01401915494
0.01441183593
0.01441108435
0.08003530651
0.03908524662
0.01712687872
0.01424378715
0.05327516049
0.02324140817
0.03768586740
0.01491843443
0.01462255046
0.01375969127
0.02063211612
0.02076016180
0.02306036279
0.04025803506
0.01419641078
0.01417399291
0.02101404406
0.02039381862
0.02146889456
0.16074034572
0.01420541108
0.05470245332
0.02582769841
0.01404540613
0.01443825196
0.01418495271
0.01533053070
0.01412361767
0.01424020529
0.01466738526
0.01387094334
0.01482809801
0.01467259321
0.01433379110
0.01454904769
0.01415799372
0.01442762930
0.01465255115
0.07083272189
0.04413707554
0.01678316109
0.01709887944
0.01450404711
0.05305423588
0.02306181937
0.03765299171
0.01475380361
0.01484984905
0.02160473168
0.02066799253
0.02268822491
0.04018490762
0.01389573608
0.01405628305
0.02080295607
0.02077712119
0.02151322924
0.16081067920
0.01443446055
0.05471474677
0.02559944242
0.01418686938
0.01455063000
0.01400940493
0.01547449362
0.01432153955
0.01390298642
0.01410590857
0.01422162075
0.01466200966
0.01397807244
0.01474901196
0.01457817387
0.01403332129
0.01457209140
0.01460617315
0.07988134027
0.03876344487
0.01716267131
0.01445342135
0.05311794579
0.02295914851
0.03754623979
0.01491851639
0.01461525820
0.02154372819
0.02092820965
0.02268660069
0.04030174389
0.01413778495
0.01487026736
0.02029793896
0.02067228407
0.02166781761
0.16003473103
0.01789869741
0.05569636077
0.02093641832
0.01404469926
0.01421424560
0.01454029791
0.01434845757
0.01427216362
0.01402974036
0.01416028477
0.01436525118
0.01480809785
0.01433829218
0.01422537025
0.01494418643
0.01381544024
0.01415495202
0.01524198707
0.01371714659
0.07924853265
0.03871281818
0.01714471355
0.01450233627
0.05308619142
0.02315869741
0.03764165938
0.01499914378
0.01451092120
0.02150218561
0.02078903839
0.02261559665
0.04021353275
0.01409011707
0.01465642359
0.02058749273
0.02089937590
0.02123292722
0.16087883711
0.01432904135
0.05493387952
0.02564852685
0.01413965877
0.01426383015
0.01425437164
0.01498235296
0.01470555179
0.01424749754
0.01451100502
0.01479051262
0.01405099034
0.01467997022
0.01479159668
0.01398457214
0.01459559146
0.01468076091
0.07972029597
0.03880752996
0.01735955290
0.01468259376
0.05297952518
0.02313565463
0.03773516417
0.01512052305
0.01475646999
0.02191240899
0.02054232359
0.02256192826
0.04021869972
0.01404124033
0.01412491035
0.02111150511
0.02029919066
0.02144943550
0.16128723323
0.01797636412
0.05574540421
0.02105387859
0.01446221117
0.01427741442
0.01406007539
0.01459313277
0.01428203937
0.01432170812
0.01446658466
0.01421949640
0.01452708896
0.01436920743
0.01417582761
0.01469309442
0.01401915494
0.01403865684
0.01461880095
0.08022555709
0.03896553442
0.01709471270
0.01437095925
0.05318032205
0.02302665263
0.03787699714
0.01495251898
0.01453067269
0.02179711126
0.02077611908
0.02282710373
0.04036541283
0.01395165175
0.01424907986
0.02081524767
0.02057715692
0.02142634988
0.16037753224
0.01448117010
0.05487729236
0.02554885857
0.01454033889
0.01431708224
0.01426199730
0.01489914302
0.01436695922
0.01402640715
0.01448583696
0.01407819986
0.01460200641
0.01400448941
0.01422487013
0.01476334594
0.01452642214
0.01473367773
0.01444746088
0.08007667959
0.03885969892
0.01729671843
0.01442429330
0.05309623480
0.02315540612
0.03763024136
0.01492885221
0.01511906739
0.02168060839
0.02060790733
0.02274714410
0.04036907852
0.01426445507
0.01436570846
0.02076399513
0.02058828063
0.02135905623
0.16101239622
0.01439116709
0.05421989784
0.02580274083
0.01415165979
0.01425032876
0.01412715856
0.01650777645
0.01424453780
0.01424849592
0.01445487794
0.01441541873
0.01408003084
0.01424057968
0.01473838743
0.01429920644
0.01448987983
0.01430991478
0.01366739441
0.07902764529
0.03875773773
0.01725400984
0.01476030424
0.05319994688
0.02318778262
0.03794625029
0.01479968056
0.01468638424
0.02139630727
0.02085641585
0.02260234579
0.04042212293
0.01393290237
0.01405094843
0.02086112276
0.02073228545
0.02135013975
0.16030348837
0.01424362138
0.05520226061
0.02581386454
0.01449962892
0.01441804413
0.01431445684
0.01463809330
0.01425270457
0.01406532433
0.01479118038
0.01435025036
0.01408924162
0.01444075536
0.01490722690
0.01394894626
0.01460267510
0.01498931181
0.01413536817
0.01404503081
0.01412678603
0.01451975293
0.01435695868
0.01452696417
0.01433504000
0.01437445916
0.01452633925
0.01451462973
0.01389877684
0.01381881628
0.01383210812
0.01356622390
0.01387056801
0.01384206675
0.01391161140
0.01399744675
0.01381460577
0.01385935768
0.01413628366
0.01420207880
0.01382477395
0.01376906503
0.01394152921
0.01394557022
0.01411436684
0.01387069188
0.01419182867
0.01397740468
0.01418557763
0.01404240727
0.01389390137
0.01398469694
0.01407045033
0.01389886066
0.01394706871
0.01404169668
0.01423591282
0.01375639718
0.01394998562
0.01375410613
0.01361064240
0.01381260715
0.01367602032
0.01370018721
0.01423958037
0.01455196366
0.01420612074
0.01368860155
0.01383802388
0.01415578462
0.01384223346
0.01380335633
0.01381523442
0.01406390686
0.01379469037
0.01387906913
0.01378864795
0.01394715440
0.01388148498
0.01372902188
0.01385769341
0.01417628489
0.01411790866
0.01404361427
0.01402819809
0.01383769233
0.01401149016
0.01400298905
0.01366772782
0.01394782029
0.01372556388
0.01392848697
0.01389356796
0.01395665202
0.01372897997
0.01371623110
0.01383877359
0.01389348414
0.01386894286
0.01397682168
0.01396632101
0.01397957094
0.01415165979
0.01408732403
0.01383223291
0.01382619143
0.01372931339
0.01383152511
0.01411007624
0.01425566338
0.01392557006
0.01390665211
0.01383781713
0.01388106775
0.01383985858
0.01384327468
0.01413915958
0.01392327715
0.01384706702
0.01405174006
0.01374339685
0.01368981320
0.01381273102
0.01372297946
0.01401398890
0.01380852424
0.01416836865
0.01417445298
0.01400182210
0.01386265084
0.01374181360
0.01385714859
0.01379940007
0.01376527268
0.01396415383
0.01384956762
0.01399498805
0.01395661198
0.01388639957
0.01391373482
0.01386748254
0.01373877190
0.01384848356
0.01406223979
0.01377577428
0.01395173836
0.01425770484
0.01412374340
0.01373568829
0.01401978172
0.01383994240
0.01415174268
0.01392231882
0.01393169537
0.01388961077
0.01384519041
0.01385723520
0.01376914792
0.01368143782
0.01388915163
0.01390490215
0.01398023777
0.01386264898
0.01388856769
0.01376648061
0.01393390261
0.01379843988
0.01396190375
0.01386302616
0.01399857085
0.01384235732
0.01373702288
0.01390127838
0.01397032104
0.01406344771
0.01394686196
0.01384631731
0.01368231326
0.01400803030
0.01375352219
0.01401465572
0.01378694084
0.01383560803
0.01372706331
0.01403711271
0.01369543746
0.01385960914
0.01375139598
0.01366843656
0.01398498937
0.01382398233
0.01388735883
0.01399590541
0.01361922640
0.01388811041
0.01373827085
0.01396194473
0.01388894394
0.01391244400
0.01390123460
0.01370247919
0.01388669293
0.01386485901
0.01390386093
0.01390898507
0.01376889925
0.01398836169
0.01370293833
0.01388244331
0.01412211824
0.01392094418
0.01369789615
0.01367135160
0.01384919323
0.01379581634
0.01390998624
0.01359739341
0.01377493981
0.01363635063
0.01380881574
0.01421145257
0.01383864973
0.01393836178
0.01379531529
0.01365914475
0.01380110905
0.01420936920
0.01383506507
0.01394961309
0.01401182171
0.01384477504
0.01390535943
0.01408111583
0.01381127257
0.01404457260
0.01388881728
0.01385656744
0.01381194126
0.01373210456
0.01380852424
0.01385740098
0.01415945124
0.01384040061
0.01403936557
0.01376314834
0.01373664569
0.01387390029
0.01357301697
0.01383885834
0.01377248019
0.01395390369
0.01391265169
0.01390440203
0.01368360408
0.01388481818
0.01403640583
0.01389756799
0.01394506916
0.01385544240
0.01385073364
0.01382719073
0.01393115334
0.01387806796
0.01381594129
0.01403561514
0.01380731631
0.01371568907
0.01404519845
0.01408003177
0.01406590734
0.01404898986
0.01369322930
0.01372247934
0.01388369221
0.01371360477
0.01393448561
0.01384298410
0.01389961038
0.01407753490
0.01391286124
0.01387210935
0.01414965931
0.01453537960
0.01389069296
0.01371385437
0.01410265733
0.01386210881
0.01396090444
0.01367118582
0.01366439369
0.01369752083
0.01397673599
0.01384360995
0.01388836093
0.01392832026
0.01404711418
0.01407907531
0.01400703005
0.01403323933
0.01384415105
0.01384719275
0.01407261565
0.01401757263
0.01389498636
0.01394373737
0.01368006226
0.01382702403
0.01395415422
0.01375577226
0.01382465009
0.01393927727
0.01405023970
0.01372964494
0.01388198417
0.01407603174
0.01379139721
0.01380652469
0.01393015217
0.01411190908
0.01390665211
0.01369047910
0.01405157335
0.01368106157
0.01378139760
0.01380860712
0.01379852369
0.01392911095
0.01413820218
0.01389123499
0.01367197931
0.01379414741
0.01387286000
